Mary 2 10.0 20.0
Tom 3 3.07 6.33 2.22
Quentin 8 4.67 4.18 3.01 0.63 6.48 6.21 4.80 4.67
Alice 2 6.54 13.98
Bob 2 3.74 8.96
Joe 10 10.91 12.00 19.15 11.87 5.76 13.66 18.88 5.23 15.94 20.44
Tracy 5 4.41 5.86 8.26 2.98 7.54
Chris 8 0.36 0.68 0.90 0.74 0.81 0.65 0.15 1.25
Pat 5 10.92 7.56 13.77 10.33 4.69
Sandy 7 3.84 4.27 5.09 8.28 7.75 0.77 1.71
Phil 4 8.66 9.80 9.09 6.98
Fran 9 9.55 11.49 8.78 4.94 3.99 11.33 7.45 6.47 12.22
Harry 7 15.53 7.96 15.41 14.11 13.86 9.90 10.95
George 4 8.01 7.28 3.51 3.16
Vicky 9 1.74 1.54 3.60 3.68 3.47 3.01 3.45 2.61 2.51
Rick 8 13.74 8.30 16.04 15.07 9.79 3.50 6.18 4.17
Rosy 3 4.96 2.57 4.08
